att48.tsp   100    36.5    103796.51144706481    86573.32644385967
att48.tsp   1000    45.6    99730.68844454704    86695.16185098242
att48.tsp   10000    47.7    83296.38450605772    79639.62946274373
att48.tsp   100000    53.4    78758.58556072557    73848.06495582717
burma14.tsp   100    13.3    36.697290439841815    34.56967457549078
burma14.tsp   1000    20.8    32.3260176460726    30.878503892587997
burma14.tsp   10000    25.0    31.02909949206466    30.878503892587997
burma14.tsp   100000    24.6    30.878503892587997    30.878503892587997
st70.tsp   100    33.0    2773.1459882790687    2543.420949327773
st70.tsp   1000    43.8    2573.704351135978    2482.880127605754
st70.tsp   10000    57.2    2338.6958686285266    2187.549675043045
st70.tsp   100000    61.3    2205.891287670489    2123.7482011519764
ulysses16.tsp   100    17.8    93.14506159396436    85.17063424770566
ulysses16.tsp   1000    20.6    80.32621024451056    74.59385319736273
ulysses16.tsp   10000    25.4    75.457268946391    73.987618045175
ulysses16.tsp   100000    32.4    74.00338461338367    73.987618045175
ulysses22.tsp   100    19.1    117.66004983195799    108.65618983969082
ulysses22.tsp   1000    22.4    100.85397556446469    89.51538740317159
ulysses22.tsp   10000    33.9    89.38542078129886    83.43926736754592
ulysses22.tsp   100000    38.9    83.61594219329727    80.42559485984067
